0.0
 0.0
 0.0
 0.0
 0.0
 0.0
 0.0
 0.0
 0.0
 0.0
 0.0
 0.0
 0.0
 0.0
 0.0
 0.0
 0.0
 0.0
 0.0
 0.0
 0.0
 0.0
 0.0
 0.0
 0.0
 0.0
 0.0
 0.0
 0.0
 0.0
 0.0
 0.0
 0.0
 0.0
 0.0
 0.0
 0.0
 0.0
 0.0
 0.0
 0.0
 0.0
 0.0
 0.0
 0.0
 0.0
 0.0
 0.0
 0.0
 0.0
 0.0
 0.0
 0.0
 0.0
 0.0
 0.0
 0.0
 0.0
 0.0
 0.0
 0.0
 0.0
 0.0
 0.0
 0.0
 0.0
 0.0
 0.0
 0.0
 1.0
 0.0
 0.0
 -1.0
 0.0
 -1.0
 0.0
 6.0
 2.0
 -41.0
 -3.0
 0.0
 1.0
 12.0
 2.0
 19.0
 17.0
 47.0
 32.0
 22.0
 20.0
 63.0
 73.0
 42.0
 73.0
 56.0
 159.0
 202.0
 261.0
 168.0
 481.0
 724.0
 12715.0
 14297.0
 574.0
 391.0
 75.0
 256.0
 186.0
 440.0
 267.0
 248.0
 309.0
 395.0
 360.0
 323.0
 104.0
 196.0
 403.0
 -91.0
 -357.0
 -249.0
 70.0
 382.0
 494.0
 -488.0
 6.0
 -1205.0
 -499.0
 -687.0
 -218.0
 -1257.0
 -409.0
 -1409.0
 -1241.0
 -1783.0
 -857.0
 -2266.0
 -1470.0
 -1869.0
 -2280.0
 -1715.0
 -3558.0
 -4270.0
 -3740.0
 -2829.0
 -5222.0
 -4469.0
 -4124.0
 -5985.0
 -6232.0
 1299.0
 -5773.0
 580286.0
 8018067.0
 51235.0
 -7021.0
 12777.0
 8879085.0
 8934246.0
 6911721.0
 68473.0
 109660.0
 263339.0
 343991.0
 2799985.0
 343086.0
 10355824.0
 5418514.0
 11289460.0
 6896722.0
 9704008.0
 4011854.0
 3351640.0
 1289920.0
 366987.0
 268467.0
 20978.0
 -6874.0
 -13326.0
 -20438.0
 -21024.0
 -21666.0
 -23611.0
 -1117772.0
 -233096.0
 -25878.0
 -27388.0
 -27010.0
 44612.0
 188600.0
 -26654.0
 -30812.0
 -33196.0
 -119013.0
 -240496.0
 -46673.0
 -33989.0
 -34046.0
 -32215.0
 -38470.0
 -36599.0
 -35701.0
 -40915.0
 -3759482.0
 -6463164.0
 -920762.0
 -40957.0
 -716645.0
 -292001.0
 -13225.0
 3955089.0
 -50401.0
 -44529.0
 -41854.0
 -26498.0
 -56126.0
 -55204.0
 -47550.0
 -48558.0
 -499574.0
 -2113680.0
 -39927.0
 -52130.0
 442611.0
 12447695.0
 12516438.0
 721489.0
 -50238.0
 -48716.0
 -50930.0
 -53709.0
 -61859.0
 -53551.0
 -53531.0
 -13967.0
 -5442.0
 -50469.0
 -48086.0
 -46842.0
 -853730.0
 -1428404.0
 -60363.0
 -56263.0
 -53213.0
 -52052.0
 -52822.0
 -54088.0
 -47488.0
 -48408.0
 -51835.0
 -51030.0
 -51925.0
 -57483.0
 -52643.0
 -47108.0
 -51173.0
 -43528.0
 -47517.0
 -45524.0
 -43176.0
 -47770.0
 -49901.0
 -43868.0
 -44178.0
 -40496.0
 -43658.0
 -41089.0
 -39556.0
 -42976.0
 -40422.0
 -37789.0
 -43664.0
 -40089.0
 -47075.0
 -47046.0
 11375733.0
 10956337.0
 -43605.0
 -40967.0
 -43558.0
 -43423.0
 -43525.0
 -48923.0
 -45876.0
 -44128.0
 -28963.0
 -42240.0
 -45373.0
 -42393.0
 -43197.0
 -46753.0
 -51629.0
 -43417.0
 -45270.0
 -47157.0
 -47578.0
 -40285.0
 -31882.0
 -39052.0
 -36034.0
 -46434.0
 -40483.0
 -40471.0
 -37062.0
 -44280.0
 -51870.0
 -56149.0
 -45990.0
 -40059.0
 -46075.0
 -54075.0
 -48290.0
 -55686.0
 -55583.0
 -55647.0
 -47123.0
 -56531.0
 -53703.0
 -53265.0
 -51241.0
 -52795.0
 -55353.0
 -55682.0
 -58707.0
 -55622.0
 -61761.0
 -54345.0
 -56907.0
 -58458.0
 -55664.0
 -56943.0
 -58044.0
 -57368.0
 -54262.0
 -60702.0
 -57829.0
 -53445.0
 -52935.0
 -60023.0
 -56268.0
 -61627.0
 -58109.0
 -44530.0
 -58155.0
 -55379.0
 -66405.0
 -58506.0
 -62170.0
 -61313.0
 -68401.0
 -54900.0
 -60458.0
 -29383.0
 -53486.0
 -61195.0
 -61763.0
 -62200.0
 -54554.0
 -60127.0
 -62725.0
 -58023.0
 -60246.0
 -62814.0
 -60241.0
 -59033.0
 -67034.0
 -64510.0
 -64887.0
 -63844.0
 -64289.0
 -67166.0
 -63946.0
 -66992.0
 -63662.0
 -58359.0
 -64475.0
 -62608.0
 -65706.0
 -67942.0
 -68546.0
 -67791.0
 -68388.0
 -76518.0
 -68661.0
 -73320.0
 -64951.0
 -63812.0
 -69995.0
 -75344.0
 -66725.0
 -67964.0
 -68481.0
 -63495.0
 -113099.0
 -79096.0
 -62073.0
 -69075.0
 -70069.0
 -70900.0
 -68208.0
 -69021.0
 -70519.0
 -74997.0
 -65622.0
 -70111.0
 -72751.0
 -74471.0
 -75111.0
 -74610.0
 -71885.0
 -70736.0
 -67510.0
 -63657.0
 -68645.0
 -69942.0
 -65226.0
 -61727.0
 -61922.0
 -66961.0
 -63066.0
 -62643.0
 -61359.0
 -68365.0
 -61698.0
 -64623.0
 -67710.0
 -63983.0
 -64235.0
 -65762.0
 -68891.0
 -65885.0
 -69366.0
 -64949.0
 -67716.0
 -65665.0
 -60921.0
 -63950.0
 -61239.0
 -63669.0
 -67746.0
 -63216.0
 -72780.0
 -63932.0
 -69206.0
 -65774.0
 -63771.0
 -65025.0
 -69031.0
 -69466.0
 -67147.0
 -70600.0
 -65795.0
 -70161.0
 -69749.0
 -70636.0
 -61176.0
 -67096.0
 -71472.0
 -74522.0
 -70103.0
 -70832.0
 -66895.0
 -71959.0
 -74079.0
 -71895.0
 -71832.0
 -69581.0
 -73603.0
 -74084.0
 -72791.0
 -74026.0
 -73079.0
 -76534.0
 -78171.0
 -77505.0
 -80926.0
 -74524.0
 -75090.0
 -75729.0
 -77056.0
 -75353.0
 -79284.0
 -68586.0
 -69299.0
 -71065.0
 -77444.0
 -72858.0
 -72772.0
 -75545.0
 -70939.0
 -74767.0
 -70294.0
 -67311.0
 -64176.0
 -65862.0
 -64911.0
 -61970.0
 -55457.0
 -60204.0
 -56364.0
 -52243.0
 -48783.0
 -48492.0
 -53552.0
 -45492.0
 -48600.0
 -43346.0
 -49141.0
 -44507.0
 -40116.0
 -36015.0
 -42077.0
 -40449.0
 -30855.0
 -31288.0
 -30096.0
 -29698.0
 -30277.0
 -27476.0
 -25482.0
 -25065.0
 -23792.0
 -21664.0
 -26373.0
 -23095.0
 -23550.0
 -21932.0
 -19470.0
 -14271.0
 -15900.0
 -15487.0
 -22901.0
 -13705.0
 -17671.0
 -11778.0
 -16336.0
 -14003.0
 -17028.0
 -16766.0
 -14264.0
 -10334.0
 -11803.0
 -13264.0
 -19170.0
 -11166.0
 -13787.0
 -17494.0
 -14337.0
 -13811.0
 -9080.0
 -10438.0
 -8735.0
 -15358.0
 -10848.0
 -8381.0
 -9369.0
 -12142.0
 -9226.0
 -10924.0
 -12978.0
 -11960.0
 -11503.0
 -10595.0
 -11889.0
 -10640.0
 -5828.0
 -15750.0
 -9810.0
 -14785.0
 -8920.0
 -12813.0
 -9091.0
 -12397.0
 -12662.0
 -9350.0
 -16991.0
 -13482.0
 -15275.0
 -7524.0
 -13598.0
 -12261.0
 -15259.0
 -10731.0
 -6385.0
 -8049.0
 -13059.0
 -12100.0
 -12229.0
 -10881.0
 -10579.0
 -7716.0
 -13267.0
 -15940.0
 -12827.0
 -7709.0
 -8065.0
 -10303.0
 -9291.0
 -9395.0
 -14621.0
 -9421.0
 -7154.0
 -13575.0
 -9648.0
 -11071.0
 -13276.0
 -10338.0
 -11752.0
 -12300.0
 -8649.0
 -12864.0
 -8755.0
 -6653.0
 -14219.0
 -12009.0
 -20975.0
 -6970.0
 -8495.0
 -11957.0
 -9335.0
 -8660.0
 -9231.0
 -6612.0
 -12974.0
 -8442.0
 -13233.0
 -9370.0
 -9815.0
 -8648.0
 -6673.0
 -8493.0
 -9691.0
 -7995.0
 -8289.0
 -8872.0
 -12527.0
 -6758.0
 -6922.0
 -10938.0
 -9907.0
 -6385.0
 -8243.0
 -6367.0
 -10851.0
 -9582.0
 -10969.0
 -10452.0
 -9813.0
 -8355.0
 -7134.0
 -7413.0
 -9795.0
 -3624.0
 -11291.0
 -6772.0
 -8585.0
 -9096.0
 -9334.0
 -10504.0
 -8247.0
 -13374.0
 -7689.0
 -8177.0
 -4933.0
 -10044.0
 -9653.0
 -10082.0
 -10233.0
 -12882.0
 -11640.0
 19295.0
 -9082.0
 -5514.0
 -3398.0
 -5727.0
 -3839.0
 -8091.0
 -9348.0
 -8864.0
 -6966.0
 -2047.0
 -7092.0
 -9638.0
 -9916.0
 -7356.0
 -5619.0
 -9287.0
 -10340.0
 -10541.0
 -10093.0
 -10368.0
 -9001.0
 -13508.0
 -10712.0
 -11492.0
 -10174.0
 -9224.0
 -5473.0
 -12543.0
 -6815.0
 -11012.0
 -6493.0
 -8036.0
 -9755.0
 -6339.0
 -10137.0
 -8528.0
 -8089.0
 -8204.0
 -1925.0
 -11384.0
 -7320.0
 -10173.0
 -8428.0
 -9649.0
 -9261.0
 -15922.0
 -11353.0
 -7979.0
 -11518.0
 -8151.0
 -8092.0
 -10164.0
 -10067.0
 -6761.0
 -12471.0
 -11569.0
 -8976.0
 -10517.0
 -9745.0
 -6068.0
 -6153.0
 -10106.0
 -11999.0
 -10692.0
 -10849.0
 -884.0
 -1031.0
 -11561.0
 -7637.0
 -7927.0
 -11457.0
 -11550.0
 -9995.0
 -9012.0
 -7322.0
 -7148.0
 -5291.0
 -6555.0
 -7809.0
 -9145.0
 -7871.0
 -7246.0
 -7549.0
 -7654.0
 -9146.0
 -9945.0
 -11824.0
 -13216.0
 -8316.0
 -11635.0
 -7755.0
 -11684.0
 -10862.0
 -10581.0
 -8310.0
 -7210.0
 -12180.0
 -8003.0
 -8782.0
 -9429.0
 -9510.0
 -6909.0
 -11871.0
 -9060.0
 -6466.0
 -7646.0
 -8841.0
 -6610.0
 -9980.0
 -10622.0
 -6923.0
 -7619.0
 -9480.0
 -7289.0
 -11641.0
 -7529.0
 39826.0
 32310.0
 -10233.0
 -10868.0
 -7379.0
 -7110.0
 -8879.0
 -8544.0
 -6089.0
 -9867.0
 -8368.0
 -9268.0
 -8136.0
 -4857.0
 -7960.0
 -6612.0
 -7916.0
 -7049.0
 -10416.0
 -8484.0
 -4681.0
 -12996.0
 -9429.0
 -6131.0
 -9436.0
 -7637.0
 -7996.0
 -9799.0
 -7883.0
 -9468.0
 -8904.0
 -11542.0
 -7324.0
 -8461.0
 -8416.0
 -8245.0
 -6366.0
 -8531.0
 -7043.0
 -8234.0
 -6084.0
 -9248.0
 -7824.0
 -6678.0
 -7398.0
 -5935.0
 -7397.0
 -11103.0
 -8518.0
 -5263.0
 -6095.0
 -8427.0
 -7731.0
 -7918.0
 -6834.0
 -7919.0
 -8361.0
 -5733.0
 -7508.0
 -7406.0
 -8519.0
 -9735.0
 -8550.0
 -5986.0
 -8950.0
 -9425.0
 -8429.0
 -8245.0
 -9184.0
 -3629.0
 -8770.0
 -8850.0
 -9418.0
 -8004.0
 -9173.0
 -8864.0
 -8195.0
 -8356.0
 -9602.0
 -8355.0
 -8066.0
 -8478.0
 -10370.0
 -10652.0
 -8917.0
 -8686.0
 -8239.0
 -8311.0
 -8217.0
 -9236.0
 -7586.0
 -9624.0
 -9674.0
 -10796.0
 -9200.0
 -9540.0
 -7373.0
 -8901.0
 -7810.0
 -8079.0
 -9109.0
 -8977.0
 -9732.0
 -8332.0
 -7252.0
 -8373.0
 -9077.0
 -6711.0
 -7872.0
 -8049.0
 -7946.0
 -6906.0
 -6476.0
 -6496.0
 -6491.0
 -6635.0
 -6836.0
 -5475.0
 -5944.0
 -6294.0
 -4547.0
 -4781.0
 -4363.0
 -4685.0
 -4253.0
 -5385.0
 -4300.0
 -4118.0
 976.0
 343.0
 -3249.0
 -3803.0
 -3402.0
 -3542.0
 -5760.0
 -3255.0
 -3336.0
 -3286.0
 -3297.0
 -2385.0
 -2591.0
 -2122.0
 -2559.0
 -2383.0
 -2109.0
 -2412.0
 56548.0
 11992.0
 -2270.0
 -2036.0
 -1881.0
 -1523.0
 -1528.0
 -1617.0
 -1178.0
 -1485.0
 -1405.0
 -1272.0
 -1374.0
 -1159.0
 -1288.0
 -801.0
 -729.0
 -709.0
 -934.0
 -685.0
 -589.0
 -709.0
 -473.0
 -517.0
 -348.0
 -391.0
 -304.0
 -319.0
 -304.0
 -145.0
 -164.0
 -164.0
 -241.0
 -158.0
 -123.0
 -47.0
 -72.0
 -122.0
 -108.0
 -142.0
 -64.0
 -47.0
 -36.0
 21.0
 -26.0
 -15.0
 -13.0
 5.0
 -2.0
 -13.0
 -10.0
 -6.0
 -10.0
 -5.0
 -1.0
 -4.0
 3.0
 -5.0
 3.0
 -46.0
 -2.0
 -1.0
 2.0
 1.0
 -1.0
 -2.0
 -1.0
 -1.0
 0.0
 0.0
 0.0
 0.0
 0.0
 0.0
 0.0
 0.0
 0.0
 0.0
 0.0
 0.0
 0.0
 0.0
 0.0
 0.0
 0.0
 0.0
 0.0
 0.0
 0.0
 0.0
 939491.0
 0.0
 0.0
 0.0
 0.0
 0.0
 0.0
 0.0
 0.0
 0.0
 0.0
 0.0
 0.0
 0.0
 0.0
 0.0
 0.0
 0.0
 0.0
 0.0
 0.0
 0.0
 0.0
 0.0
 0.0
 0.0
 0.0
 0.0
 0.0
 0.0
 0.0
 0.0
 0.0
 0.0
 0.0
 0.0
 0.0
 0.0
 0.0
 0.0
 0.0
 0.0
 0.0
 0.0
 0.0
 0.0
 0.0
 0.0
 0.0
 0.0
 0.0
 0.0
 0.0
 0.0
 0.0
 0.0
 0.0
 0.0
 0.0
 0.0
 0.0
 0.0
 0.0
 0.0
 0.0
 0.0
 0.0
 0.0
 0.0
 0.0
 0.0
 0.0
 0.0
 -1.0
 -1.0
 1.0
 2.0
 3.0
 1.0
 -39.0
 3.0
 1.0
 9.0
 17.0
 -11.0
 16.0
 9.0
 16.0
 -5.0
 1.0
 4.0
 13.0
 9.0
 -42.0
 61.0
 2.0
 95.0
 156.0
 65.0
 24.0
 100.0
 -2858.0
 6154.0
 -7862.0
 -442.0
 -94.0
 249.0
 -15.0
 176.0
 101.0
 188.0
 232.0
 235.0
 -64.0
 57.0
 -113.0
 -142.0
 -58.0
 -187.0
 235.0
 374.0
 108.0
 96.0
 -277.0
 -66.0
 -310.0
 379.0
 -156.0
 -723.0
 -669.0
 -239.0
 -700.0
 -755.0
 -961.0
 -1481.0
 -1425.0
 -565.0
 -384.0
 -1981.0
 -1858.0
 -911.0
 -1414.0
 -878.0
 -1531.0
 -1992.0
 -1931.0
 -1140.0
 -1691.0
 -1931.0
 -2958.0
 -1545.0
 -6059.0
 -3866.0
 -473110.0
 -6190878.0
 -54544.0
 -2437.0
 -17074.0
 -5787552.0
 -5871528.0
 -4500642.0
 28424.0
 63175.0
 158305.0
 199139.0
 1489502.0
 163485.0
 4042317.0
 2375352.0
 3514534.0
 2684124.0
 4278677.0
 1797959.0
 1643094.0
 300945.0
 156114.0
 163891.0
 19535.0
 6870.0
 1249.0
 1131.0
 -957.0
 -249.0
 2319.0
 6042110.0
 1055577.0
 2818.0
 -990.0
 -3991.0
 -319974.0
 -953713.0
 -3817.0
 3262.0
 1343.0
 148754.0
 -280142.0
 -8772.0
 -4235.0
 -1926.0
 -6756.0
 -2588.0
 4085.0
 2713.0
 -2860.0
 -4341564.0
 -8086488.0
 -1177481.0
 -398.0
 542155.0
 196265.0
 67883.0
 7246003.0
 1097.0
 -862.0
 -7371.0
 -58453.0
 -2963.0
 5508.0
 3675.0
 -641.0
 -211363.0
 -1274535.0
 -3314.0
 1862.0
 -32201.0
 -444155.0
 -922936.0
 -42651.0
 1699.0
 -276.0
 674.0
 -320.0
 5840.0
 5278.0
 6083.0
 19842.0
 25067.0
 6265.0
 5395.0
 8804.0
 4855683.0
 11601532.0
 8765.0
 8082.0
 4078.0
 4478.0
 13993.0
 13731.0
 5355.0
 7994.0
 10028.0
 8178.0
 13519.0
 15732.0
 15967.0
 10344.0
 6775.0
 14124.0
 11563.0
 1570.0
 7280.0
 11355.0
 14730.0
 7302.0
 1991.0
 16161.0
 -18441.0
 6072.0
 7532.0
 3869.0
 6856.0
 5543.0
 2873.0
 3769.0
 3654.0
 5472.0
 -3349741.0
 -3262202.0
 4090.0
 2363.0
 6851.0
 7434.0
 3379.0
 2051.0
 1721.0
 4062.0
 -2610.0
 -216.0
 724.0
 -1050.0
 5824.0
 5509.0
 1867.0
 5959.0
 2483.0
 1596.0
 7936.0
 75.0
 8451.0
 -1052.0
 -3177.0
 -4442.0
 -4275.0
 -5505.0
 -5458.0
 -2275.0
 -9088.0
 5165.0
 -15352.0
 -2161.0
 -6725.0
 -6182.0
 -4300.0
 -6559.0
 -2454.0
 -1299.0
 -2837.0
 -8733.0
 -6194.0
 -2154.0
 -4103.0
 -1780.0
 3137.0
 -8287.0
 -1750.0
 -7479.0
 -2602.0
 -4908.0
 -4082.0
 -9802.0
 -8965.0
 757.0
 629.0
 -6109.0
 -2786.0
 -6381.0
 -17046.0
 -3079.0
 -5419.0
 1689.0
 -1086.0
 1088.0
 -4029.0
 -13070.0
 -2208.0
 122.0
 -8185.0
 -4878.0
 -9178.0
 -4903.0
 -3293.0
 -2765.0
 -3661.0
 27532.0
 -5362.0
 -8520.0
 -1244.0
 -10740.0
 -60526.0
 -2590.0
 -8926.0
 -9125.0
 -3743.0
 -11782.0
 -1623.0
 -4318.0
 -4288.0
 -3871.0
 -12059.0
 -6177.0
 -12588.0
 -4287.0
 -3067.0
 -1474.0
 -9054.0
 -1196.0
 -3812.0
 11.0
 705.0
 1773.0
 -3036.0
 -12.0
 3792.0
 -3979.0
 -10243.0
 -3318.0
 -76.0
 601.0
 189.0
 -636.0
 -5542.0
 -6149.0
 -6254.0
 1525.0
 5047.0
 -9577.0
 -3096.0
 -2957.0
 2589.0
 -4839.0
 -5931.0
 -3149.0
 266.0
 3991.0
 1270.0
 -333.0
 104.0
 831.0
 3829.0
 -1350.0
 888.0
 3503.0
 -583.0
 1135.0
 4307.0
 -5406.0
 -2818.0
 2421.0
 933.0
 3807.0
 741.0
 6837.0
 -2436.0
 94.0
 985.0
 -1436.0
 -1792.0
 -6770.0
 9.0
 1525.0
 1908.0
 -3912.0
 -5829.0
 -5407.0
 -3439.0
 -5324.0
 -7737.0
 -2966.0
 4567.0
 -1618.0
 1175.0
 -4516.0
 -7727.0
 -7148.0
 -2701.0
 -4074.0
 3205.0
 2105.0
 -3843.0
 -3427.0
 -5217.0
 -946.0
 -560.0
 14975.0
 1998.0
 1282.0
 -956.0
 -616.0
 -806.0
 -4825.0
 -6731.0
 -3427.0
 -502.0
 2487.0
 1636.0
 552.0
 555.0
 1789.0
 -583.0
 336.0
 1920.0
 1942.0
 -5238.0
 876.0
 1931.0
 -3574.0
 7648.0
 2312.0
 7699.0
 1571.0
 1735.0
 2737.0
 -2520.0
 7125.0
 -3954.0
 5725.0
 1176.0
 2469.0
 -65.0
 3662.0
 1855.0
 8478.0
 5463.0
 3950.0
 4088.0
 4578.0
 2478.0
 11314.0
 3735.0
 4284.0
 7790.0
 1765.0
 2898.0
 1227.0
 -2015.0
 -2747.0
 1667.0
 5319.0
 188.0
 6183.0
 -4147.0
 -10.0
 -3045.0
 -2246.0
 2015.0
 1893.0
 -417.0
 1510.0
 3933.0
 2480.0
 2151.0
 -1829.0
 1986.0
 -437.0
 -269.0
 -4355.0
 -2977.0
 112.0
 -2827.0
 -3216.0
 -1912.0
 -6790.0
 -6914.0
 -7856.0
 -5305.0
 -7363.0
 -10394.0
 -12805.0
 -8950.0
 -7761.0
 -11942.0
 -13271.0
 -11343.0
 -9572.0
 -15486.0
 -11276.0
 -16593.0
 -8280.0
 -10677.0
 -12567.0
 -17574.0
 -18696.0
 -18836.0
 -15635.0
 -14843.0
 -15431.0
 -15443.0
 -19100.0
 -15291.0
 -16855.0
 -15155.0
 -18998.0
 -15476.0
 -16440.0
 -23648.0
 -18072.0
 -15920.0
 -16816.0
 -20486.0
 -17099.0
 -20429.0
 -14388.0
 -18139.0
 -17615.0
 -17497.0
 -16584.0
 -19301.0
 -16269.0
 -17330.0
 -19617.0
 -20344.0
 -18433.0
 -19918.0
 -19560.0
 -16625.0
 -16645.0
 -11623.0
 -17547.0
 -15648.0
 -16180.0
 -16547.0
 -20132.0
 -15729.0
 -17843.0
 -15409.0
 -18058.0
 -16510.0
 -19730.0
 -22350.0
 -17955.0
 -20892.0
 -18715.0
 -17846.0
 -20833.0
 -16051.0
 -17670.0
 -19566.0
 -20686.0
 -22679.0
 -22625.0
 -19853.0
 -21182.0
 -20533.0
 -21793.0
 -20612.0
 -16914.0
 -10729.0
 -21637.0
 -17981.0
 -17592.0
 -21592.0
 -15760.0
 -17451.0
 -18131.0
 -22241.0
 -17269.0
 -14899.0
 -15464.0
 -17617.0
 -18553.0
 -16888.0
 -15702.0
 -15641.0
 -19645.0
 -17612.0
 -17375.0
 -19824.0
 -19611.0
 -17892.0
 -20818.0
 -18272.0
 -15444.0
 -13277.0
 -17077.0
 -15418.0
 -19633.0
 -19511.0
 -12357.0
 -15989.0
 -16163.0
 -14616.0
 -13004.0
 -15664.0
 -14179.0
 -19374.0
 -16966.0
 -17061.0
 -17359.0
 -13715.0
 -20435.0
 -14151.0
 -10761.0
 -10822.0
 -14505.0
 -13366.0
 -12002.0
 -16413.0
 -11180.0
 -15567.0
 -14468.0
 -10845.0
 -33933.0
 -12693.0
 -17876.0
 -12905.0
 -14578.0
 -10032.0
 -16131.0
 -11927.0
 -12877.0
 -13924.0
 -20052.0
 -10102.0
 -11282.0
 -11213.0
 -13556.0
 -9760.0
 -11141.0
 -12161.0
 -7266.0
 -8815.0
 -14877.0
 -8146.0
 -8606.0
 -10782.0
 -12250.0
 -7494.0
 -13266.0
 -11195.0
 -10073.0
 -11314.0
 -9328.0
 -9884.0
 -9268.0
 -9532.0
 -11532.0
 -9717.0
 -4929.0
 -9136.0
 -8311.0
 -5630.0
 -8158.0
 -8218.0
 -4092.0
 -10000.0
 -4937.0
 -9406.0
 -19011.0
 -7575.0
 -6469.0
 -6638.0
 -5022.0
 -3259.0
 -2308.0
 -6100.0
 -9215.0
 -2333.0
 -4022.0
 -6372.0
 -6722.0
 -6030.0
 -4020.0
 -2146.0
 -4156.0
 -6298.0
 -8787.0
 -3385.0
 -5542.0
 -4099.0
 -3938.0
 -5583.0
 -3733.0
 -10283.0
 -3277.0
 -4813.0
 -6062.0
 -3706.0
 -4176.0
 -4044.0
 -2718.0
 -4719.0
 -2208.0
 -1322.0
 -1021.0
 -3940.0
 -4766.0
 -2316.0
 -2884.0
 -908.0
 -578.0
 -5189.0
 -1083.0
 -3249.0
 -3785.0
 -3740.0
 -1931.0
 -2292.0
 -810.0
 -2272.0
 -2244.0
 -3103.0
 635.0
 -4964.0
 -4294.0
 -3303.0
 -3404.0
 686.0
 -2141.0
 -462.0
 -5801.0
 -538.0
 -1542.0
 -1876.0
 -1651.0
 -3710.0
 -2173.0
 -2529.0
 -3384.0
 -22607.0
 -15900.0
 -3442.0
 -442.0
 -2088.0
 -2044.0
 1013.0
 548.0
 1886.0
 665.0
 980.0
 -1547.0
 -1343.0
 -493.0
 -1128.0
 28.0
 520.0
 3306.0
 758.0
 1541.0
 -420.0
 2186.0
 -2378.0
 332.0
 2571.0
 1080.0
 878.0
 569.0
 240.0
 -1112.0
 3237.0
 1331.0
 525.0
 2095.0
 2374.0
 765.0
 3284.0
 -860.0
 4085.0
 1385.0
 -52.0
 -677.0
 2014.0
 4818.0
 2100.0
 167.0
 212.0
 389.0
 1820.0
 1533.0
 1875.0
 3048.0
 1739.0
 3071.0
 336.0
 3266.0
 1157.0
 4289.0
 3411.0
 1884.0
 3591.0
 3614.0
 5109.0
 5596.0
 3293.0
 3919.0
 6107.0
 6323.0
 -73333.0
 1090.0
 6763.0
 4791.0
 3870.0
 5739.0
 6893.0
 5145.0
 3930.0
 5667.0
 4789.0
 6467.0
 3106.0
 5480.0
 4346.0
 6032.0
 4667.0
 6060.0
 6009.0
 4369.0
 4955.0
 6801.0
 4746.0
 7025.0
 3740.0
 4776.0
 5584.0
 5795.0
 6040.0
 4188.0
 4044.0
 4748.0
 6888.0
 4029.0
 5488.0
 3772.0
 3496.0
 4347.0
 5687.0
 4938.0
 5525.0
 -8611.0
 6618.0
 3479.0
 4370.0
 5375.0
 4129.0
 4689.0
 4260.0
 4029.0
 4341.0
 4566.0
 4957.0
 3858.0
 3802.0
 3846.0
 3645.0
 3494.0
 3566.0
 3108.0
 8325.0
 7656.0
 2956.0
 2996.0
 2741.0
 3589.0
 2829.0
 3046.0
 2620.0
 1948.0
 2159.0
 1936.0
 1809.0
 1688.0
 2051.0
 1867.0
 1628.0
 1771.0
 -68992.0
 -15910.0
 1593.0
 1420.0
 1705.0
 793.0
 1310.0
 1013.0
 1394.0
 1399.0
 1173.0
 1113.0
 1316.0
 1061.0
 775.0
 999.0
 938.0
 823.0
 872.0
 528.0
 709.0
 681.0
 653.0
 632.0
 585.0
 346.0
 440.0
 474.0
 364.0
 351.0
 314.0
 255.0
 214.0
 191.0
 127.0
 79.0
 152.0
 125.0
 68.0
 88.0
 78.0
 69.0
 21.0
 69.0
 33.0
 -3.0
 17.0
 17.0
 15.0
 -4.0
 0.0
 -11.0
 3.0
 4.0
 -5.0
 2.0
 2.0
 5.0
 1.0
 -222.0
 0.0
 0.0
 0.0
 -1.0
 2.0
 2.0
 -1.0
 -1.0
 0.0
 0.0
 1.0
 0.0
 0.0
 0.0
 0.0
 0.0
 0.0
 0.0
 0.0
 0.0
 0.0
 0.0
 0.0
 0.0
 0.0
 0.0
 0.0
 0.0
 0.0
 0.0
 0.0